4.000000000000000083e-02 4.687895447009607364e-01
5.000000000000000278e-02 5.725981065535632464e-01
6.000000000000000472e-02 6.624887948686253303e-01
7.000000000000000666e-02 7.077963349768215950e-01
8.000000000000001554e-02 7.445366454267310363e-01
9.000000000000001055e-02 7.771020861289632542e-01
1.000000000000000056e-01 7.999983875738588823e-01
1.100000000000000144e-01 8.204468200608915351e-01
1.200000000000000233e-01 8.368542818298875252e-01
1.300000000000000322e-01 8.517137342319707205e-01
1.400000000000000133e-01 8.663361272378893307e-01
1.500000000000000222e-01 8.792802964715474845e-01
1.600000000000000311e-01 8.899415458430410819e-01
1.700000000000000400e-01 9.003226118100257080e-01
1.800000000000000211e-01 9.104143006752781764e-01
1.900000000000000300e-01 9.199970056410887720e-01
2.000000000000000389e-01 9.274503949916370615e-01
2.100000000000000477e-01 9.347389039529476751e-01
2.200000000000000566e-01 9.418831466381325512e-01
2.300000000000000377e-01 9.489037371602992987e-01
2.400000000000000466e-01 9.558212896325587460e-01
2.500000000000000555e-01 9.617355234782042350e-01
2.600000000000000089e-01 9.669785991024714145e-01
2.700000000000000178e-01 9.721579145859372550e-01
2.800000000000000266e-01 9.772614403786819004e-01
2.900000000000000355e-01 9.822771469307844949e-01
3.000000000000000444e-01 9.871930046923266255e-01
3.100000000000000533e-01 9.919969841133873256e-01
3.200000000000000067e-01 9.961692966974726726e-01
3.300000000000000155e-01 9.997416912802837841e-01
3.400000000000000244e-01 1.003233912574013287e+00
3.500000000000000333e-01 1.006645238053137215e+00
3.600000000000000422e-01 1.009974945192129603e+00
3.700000000000000511e-01 1.013222311465467262e+00
3.800000000000000600e-01 1.016386614347624784e+00
3.900000000000000688e-01 1.019467131313078312e+00
4.000000000000000777e-01 1.022463139836302437e+00
4.100000000000000311e-01 1.025103624641975575e+00
4.200000000000000400e-01 1.027278171119821781e+00
4.300000000000000488e-01 1.029403462509261180e+00
4.400000000000000577e-01 1.031480098358216191e+00
4.500000000000000666e-01 1.033508678214605681e+00
4.600000000000000755e-01 1.035489801626352735e+00
4.700000000000000844e-01 1.037424068141378664e+00
4.800000000000000377e-01 1.039312077307603666e+00
4.900000000000000466e-01 1.041154428672950161e+00
5.000000000000001110e-01 1.042951721785339458e+00
5.100000000000001199e-01 1.044704556192692424e+00
5.200000000000001288e-01 1.046413531442930589e+00
5.300000000000001377e-01 1.047896271227664489e+00
5.400000000000001465e-01 1.049165609782833242e+00
5.500000000000001554e-01 1.050408377155254813e+00
5.600000000000001643e-01 1.051624184588748845e+00
5.700000000000001732e-01 1.052812643327132758e+00
5.800000000000001821e-01 1.053973364614225527e+00
5.900000000000001910e-01 1.055105959693844797e+00
6.000000000000000888e-01 1.056210039809810430e+00
6.100000000000000977e-01 1.057285216205939626e+00
6.200000000000001066e-01 1.058331100126050917e+00
6.300000000000001155e-01 1.059347302813962610e+00
6.400000000000001243e-01 1.060333435513493683e+00
6.500000000000001332e-01 1.061289109468462666e+00
6.600000000000001421e-01 1.062213935922686980e+00
6.700000000000001510e-01 1.063107526119986046e+00
6.800000000000001599e-01 1.063931667947849657e+00
6.900000000000001688e-01 1.064580263330249910e+00
7.000000000000001776e-01 1.065209802303261011e+00
7.100000000000001865e-01 1.065820457293696899e+00
7.200000000000001954e-01 1.066412400728371068e+00
7.300000000000002043e-01 1.066985805034095458e+00
7.400000000000002132e-01 1.067540842637684895e+00
7.500000000000002220e-01 1.068077685965951096e+00
7.600000000000002309e-01 1.068596507445708665e+00
7.700000000000001288e-01 1.069097479503769765e+00
7.800000000000001377e-01 1.069580774566948111e+00
7.900000000000001465e-01 1.070046565062056754e+00
8.000000000000001554e-01 1.070495023415908298e+00
8.100000000000001643e-01 1.070926322055317348e+00
8.200000000000001732e-01 1.071340633407096288e+00
8.300000000000001821e-01 1.071738129898058389e+00
8.400000000000001910e-01 1.072118983955016702e+00
8.500000000000001998e-01 1.072483368004784943e+00
8.600000000000002087e-01 1.072831454474174828e+00
8.700000000000002176e-01 1.073163415790002295e+00
8.800000000000002265e-01 1.073567546018499907e+00
8.900000000000002354e-01 1.074027705515157027e+00
9.000000000000002442e-01 1.074452748864351159e+00
9.100000000000002531e-01 1.074845537877801904e+00
9.200000000000001510e-01 1.075208934367234193e+00
9.300000000000001599e-01 1.075545800144368735e+00
9.400000000000001688e-01 1.075858997020928021e+00
9.500000000000001776e-01 1.076151386808636090e+00
9.600000000000001865e-01 1.076425831319212989e+00
9.700000000000001954e-01 1.076685192364382537e+00
9.800000000000002043e-01 1.076932331755867001e+00
9.900000000000002132e-01 1.077170111305388200e+00
1.000000000000000222e+00 1.077401392824668402e+00
1.010000000000000231e+00 1.077618574481162161e+00
1.020000000000000240e+00 1.077834476515463713e+00
1.030000000000000249e+00 1.078051130063166774e+00
1.040000000000000258e+00 1.078270566259863728e+00
1.050000000000000266e+00 1.078494816241147403e+00
1.060000000000000275e+00 1.078725911142610849e+00
1.070000000000000284e+00 1.078965882099847118e+00
1.080000000000000293e+00 1.079216760248450369e+00
1.090000000000000302e+00 1.079480576724010987e+00
1.100000000000000311e+00 1.079759362662123134e+00
1.110000000000000320e+00 1.080055149198380970e+00
1.120000000000000329e+00 1.080369967468376213e+00
1.130000000000000338e+00 1.080705848607700803e+00
1.140000000000000346e+00 1.080867345909695354e+00
1.150000000000000355e+00 1.081011330696864947e+00
1.160000000000000142e+00 1.081158427506179187e+00
1.170000000000000151e+00 1.081308330229963977e+00
1.180000000000000160e+00 1.081460732760545440e+00
1.190000000000000169e+00 1.081615328990247704e+00
1.200000000000000178e+00 1.081771812811398670e+00
1.210000000000000187e+00 1.081929878116324684e+00
1.220000000000000195e+00 1.082089218797350982e+00
1.230000000000000204e+00 1.082249528746803691e+00
1.240000000000000213e+00 1.082410501857009821e+00
1.250000000000000222e+00 1.082571832020293279e+00
1.260000000000000231e+00 1.082733213128983296e+00
1.270000000000000240e+00 1.082894339075403334e+00
1.280000000000000249e+00 1.083054903751880182e+00
1.290000000000000258e+00 1.083214601050740633e+00
1.300000000000000266e+00 1.083373124864309922e+00
1.310000000000000275e+00 1.083530169084915507e+00
1.320000000000000284e+00 1.083685427604881735e+00
1.330000000000000293e+00 1.083838594316534287e+00
1.340000000000000302e+00 1.083989363112201731e+00
1.350000000000000311e+00 1.084137427884208194e+00
1.360000000000000320e+00 1.084282482524880686e+00
1.370000000000000329e+00 1.084424220926545113e+00
1.380000000000000338e+00 1.084562336981527153e+00
1.390000000000000346e+00 1.084696524582152932e+00
1.400000000000000355e+00 1.084826477620749019e+00
1.410000000000000364e+00 1.084951889989641316e+00
1.420000000000000373e+00 1.085072455581155504e+00
1.430000000000000382e+00 1.085187868287618151e+00
1.440000000000000391e+00 1.085297822001354717e+00
1.450000000000000400e+00 1.085402010614692214e+00
1.460000000000000409e+00 1.085500128019956545e+00
1.470000000000000417e+00 1.085571619495434348e+00
1.480000000000000426e+00 1.085639549794256142e+00
1.490000000000000213e+00 1.085704161477087260e+00
1.500000000000000222e+00 1.085765697104590588e+00
1.510000000000000231e+00 1.085824399237430571e+00
1.520000000000000240e+00 1.085880510436270763e+00
1.530000000000000249e+00 1.085934273261775607e+00
1.540000000000000258e+00 1.085985930274609323e+00
1.550000000000000266e+00 1.086035724035435690e+00
1.560000000000000275e+00 1.086083897104918927e+00
1.570000000000000284e+00 1.086130692043722812e+00
1.580000000000000293e+00 1.086176351412511565e+00
1.590000000000000302e+00 1.086221117771948963e+00
1.600000000000000311e+00 1.086265233682699005e+00
1.610000000000000320e+00 1.086308941705426578e+00
1.620000000000000329e+00 1.086352484400795015e+00
1.630000000000000338e+00 1.086396104329468981e+00
1.640000000000000346e+00 1.086440044052111142e+00
1.650000000000000355e+00 1.086484546129386386e+00
1.660000000000000364e+00 1.086529853121959599e+00
1.670000000000000373e+00 1.086576207590492782e+00
1.680000000000000382e+00 1.086623852095652154e+00
1.690000000000000391e+00 1.086673029198100826e+00
1.700000000000000400e+00 1.086723981458502353e+00
1.710000000000000409e+00 1.086776951437521399e+00
1.720000000000000417e+00 1.086832181695821964e+00
1.730000000000000426e+00 1.086889914794068490e+00
1.740000000000000435e+00 1.086950393292922978e+00
1.750000000000000444e+00 1.087013859753051204e+00
1.760000000000000453e+00 1.087080556735117387e+00
1.770000000000000462e+00 1.087150726799785527e+00
1.780000000000000471e+00 1.087224612507719179e+00
1.790000000000000480e+00 1.087302456419581675e+00
1.800000000000000266e+00 1.087384501096038125e+00
1.810000000000000275e+00 1.087470989097752749e+00
1.820000000000000284e+00 1.087562162985389325e+00
1.830000000000000293e+00 1.087658265319611628e+00
1.840000000000000302e+00 1.087759538661083214e+00
1.850000000000000311e+00 1.087866225570468526e+00
1.860000000000000320e+00 1.087978568608432450e+00
1.870000000000000329e+00 1.088096810335638098e+00
1.880000000000000338e+00 1.088221193312750579e+00
1.890000000000000346e+00 1.088339896721550071e+00
1.900000000000000355e+00 1.088445155211416049e+00
1.910000000000000364e+00 1.088554178236116110e+00
1.920000000000000373e+00 1.088666856827569696e+00
1.930000000000000382e+00 1.088783082017693804e+00
1.940000000000000391e+00 1.088902744838405212e+00
1.950000000000000400e+00 1.089025736321624027e+00
1.960000000000000409e+00 1.089151947499265249e+00
1.970000000000000417e+00 1.089281269403248986e+00
1.980000000000000426e+00 1.089413593065491348e+00
1.990000000000000435e+00 1.089548809517910222e+00
2.000000000000000444e+00 1.089686809792424604e+00
2.010000000000000231e+00 1.089827484920949718e+00
2.020000000000000462e+00 1.089970725935406115e+00
2.030000000000000249e+00 1.090116423867709683e+00
2.040000000000000480e+00 1.090264469749778975e+00
2.050000000000000266e+00 1.090414754613531434e+00
2.060000000000000497e+00 1.090567169490884281e+00
2.070000000000000284e+00 1.090721605413756512e+00
2.080000000000000515e+00 1.090877953414064905e+00
2.090000000000000302e+00 1.091036104523726902e+00
2.100000000000000533e+00 1.091195949774661722e+00
2.110000000000000320e+00 1.091357380198785032e+00
2.120000000000000551e+00 1.091520286828016051e+00
2.130000000000000338e+00 1.091684560694270889e+00
2.140000000000000568e+00 1.091850092829470320e+00
2.150000000000000355e+00 1.092016774265529344e+00
2.160000000000000586e+00 1.092184496034366736e+00
2.170000000000000373e+00 1.092353149167899051e+00
2.180000000000000604e+00 1.092522624698045952e+00
2.190000000000000391e+00 1.092692813656723994e+00
2.200000000000000622e+00 1.092863607075851284e+00
2.210000000000000409e+00 1.093034895987344157e+00
2.220000000000000639e+00 1.093206571423122719e+00
2.230000000000000426e+00 1.093378524415103081e+00
2.240000000000000657e+00 1.093550645995203130e+00
2.250000000000000444e+00 1.093722827195341640e+00
2.260000000000000675e+00 1.093894959047434501e+00
2.270000000000000462e+00 1.094066932583400265e+00
2.280000000000000249e+00 1.094238638835157262e+00
2.290000000000000480e+00 1.094409968834623381e+00
2.300000000000000266e+00 1.094580813613715176e+00
2.310000000000000497e+00 1.094751064204350977e+00
2.320000000000000284e+00 1.094920611638448449e+00
2.330000000000000515e+00 1.095089346947925701e+00
2.340000000000000302e+00 1.095257161164699955e+00
2.350000000000000533e+00 1.095423945320689096e+00
2.360000000000000320e+00 1.095589590447811457e+00
2.370000000000000551e+00 1.095753987577983146e+00
2.380000000000000338e+00 1.095917027743122496e+00
2.390000000000000568e+00 1.096078601975149169e+00
2.400000000000000355e+00 1.096238601305978166e+00
2.410000000000000586e+00 1.096396916767528928e+00
2.420000000000000373e+00 1.096553439391718898e+00
2.430000000000000604e+00 1.096708060210464630e+00
2.440000000000000391e+00 1.096846999828222868e+00
2.450000000000000622e+00 1.096963946103054699e+00
2.460000000000000409e+00 1.097079663405102545e+00
2.470000000000000639e+00 1.097194163794780408e+00
2.480000000000000426e+00 1.097307459332505175e+00
2.490000000000000657e+00 1.097419562078692623e+00
2.500000000000000444e+00 1.097530484093756975e+00
2.510000000000000675e+00 1.097640237438115118e+00
2.520000000000000462e+00 1.097748834172182608e+00
2.530000000000000693e+00 1.097856286356373445e+00
2.540000000000000480e+00 1.097962606051105849e+00
2.550000000000000711e+00 1.098067805316792933e+00
2.560000000000000497e+00 1.098171896213851140e+00
2.570000000000000728e+00 1.098274890802695580e+00
2.580000000000000515e+00 1.098376801143742920e+00
2.590000000000000746e+00 1.098477639297409159e+00
2.600000000000000533e+00 1.098577417324108296e+00
2.610000000000000320e+00 1.098676147284256333e+00
2.620000000000000551e+00 1.098773841238269044e+00
2.630000000000000338e+00 1.098870511246563320e+00
2.640000000000000568e+00 1.098966169369552714e+00
2.650000000000000355e+00 1.099060827667653228e+00
2.660000000000000586e+00 1.099154498201281083e+00
2.670000000000000373e+00 1.099247193030851388e+00
2.680000000000000604e+00 1.099338924216780589e+00
2.690000000000000391e+00 1.099429703819483350e+00
2.700000000000000622e+00 1.099519543899375673e+00
2.710000000000000409e+00 1.099608456516873112e+00
2.720000000000000639e+00 1.099696453732390555e+00
2.730000000000000426e+00 1.099783547606345557e+00
2.740000000000000657e+00 1.099869750199150786e+00
2.750000000000000444e+00 1.099955073571224462e+00
2.760000000000000675e+00 1.100039529782980807e+00
2.770000000000000462e+00 1.100123130894835599e+00
2.780000000000000693e+00 1.100205888967203949e+00
2.790000000000000480e+00 1.100287816060504298e+00
2.800000000000000711e+00 1.100368924235147094e+00
2.810000000000000497e+00 1.100449225551553001e+00
2.820000000000000728e+00 1.100528732070134019e+00
2.830000000000000515e+00 1.100607455851307925e+00
2.840000000000000746e+00 1.100685408955489164e+00
2.850000000000000533e+00 1.100762603443093512e+00
2.860000000000000764e+00 1.100839051374536970e+00
2.870000000000000551e+00 1.100914764810233759e+00
2.880000000000000782e+00 1.100989755810602322e+00
2.890000000000000568e+00 1.101064036436056215e+00
2.900000000000000799e+00 1.101137618747010549e+00
2.910000000000000586e+00 1.101210514803881546e+00
2.920000000000000817e+00 1.101282736667085427e+00
2.930000000000000604e+00 1.101354296397037524e+00
2.940000000000000391e+00 1.101425206054152284e+00
2.950000000000000622e+00 1.101495477698847703e+00
2.960000000000000409e+00 1.101565123391535561e+00
2.970000000000000639e+00 1.101634155192635189e+00
2.980000000000000426e+00 1.101702585162560588e+00
2.990000000000000657e+00 1.101770425361727312e+00
3.000000000000000444e+00 1.101837687850551806e+00
3.010000000000000675e+00 1.101904384689447847e+00
3.020000000000000462e+00 1.101970527938832545e+00
3.030000000000000693e+00 1.102036129659121011e+00
3.040000000000000480e+00 1.102101201910729245e+00
3.050000000000000711e+00 1.102165756754071690e+00
3.060000000000000497e+00 1.102229806249566124e+00
3.070000000000000728e+00 1.102293362457624770e+00
3.080000000000000515e+00 1.102356437438666958e+00
3.090000000000000746e+00 1.102419043253105801e+00
3.100000000000000533e+00 1.102481191961357521e+00
3.110000000000000764e+00 1.102542895623837671e+00
3.120000000000000551e+00 1.102604166300962918e+00
3.130000000000000782e+00 1.102665016053146374e+00
3.140000000000000568e+00 1.102725456940806037e+00
3.150000000000000799e+00 1.102780095198955257e+00
3.160000000000000586e+00 1.102826340168817421e+00
3.170000000000000817e+00 1.102872338396516216e+00
3.180000000000000604e+00 1.102918080451884775e+00
3.190000000000000835e+00 1.102963556904757558e+00
3.200000000000000622e+00 1.103008758324967920e+00
3.210000000000000853e+00 1.103053675282347657e+00
3.220000000000000639e+00 1.103098298346731676e+00
3.230000000000000870e+00 1.103142618087952664e+00
3.240000000000000657e+00 1.103186625075844196e+00
3.250000000000000444e+00 1.103230309880240512e+00
3.260000000000000675e+00 1.103273663070973409e+00
3.270000000000000462e+00 1.103316675217877796e+00
3.280000000000000693e+00 1.103359336890786357e+00
3.290000000000000480e+00 1.103401638659531336e+00
3.300000000000000711e+00 1.103443571093948306e+00
3.310000000000000497e+00 1.103485124763869729e+00
3.320000000000000728e+00 1.103526290239128960e+00
3.330000000000000515e+00 1.103567058089558461e+00
3.340000000000000746e+00 1.103607418884993585e+00
3.350000000000000533e+00 1.103647363195266795e+00
3.360000000000000764e+00 1.103686881590211000e+00
3.370000000000000551e+00 1.103725964639659995e+00
3.380000000000000782e+00 1.103764602913446913e+00
3.390000000000000568e+00 1.103802786981406214e+00
3.400000000000000799e+00 1.103840507413370142e+00
3.410000000000000586e+00 1.103877754779171383e+00
3.420000000000000817e+00 1.103914519648644621e+00
3.430000000000000604e+00 1.103950792591623431e+00
3.440000000000000835e+00 1.103986564177941387e+00
3.450000000000000622e+00 1.104021824977430954e+00
3.460000000000000853e+00 1.104056565559925041e+00
3.470000000000000639e+00 1.104090776495258774e+00
3.480000000000000870e+00 1.104124448353264398e+00
3.490000000000000657e+00 1.104157571703775709e+00
3.500000000000000888e+00 1.104190137116625170e+00
3.510000000000000675e+00 1.104222135161647245e+00
3.520000000000000906e+00 1.104253556408675729e+00
3.530000000000000693e+00 1.104284391427541978e+00
3.540000000000000924e+00 1.104314630788082008e+00
3.550000000000000711e+00 1.104344265060127617e+00
3.560000000000000497e+00 1.104373284813512601e+00
3.570000000000000728e+00 1.104401680618069648e+00
3.580000000000000515e+00 1.104429443043633219e+00
3.590000000000000746e+00 1.104456562660036001e+00
3.600000000000000533e+00 1.104483030037111790e+00
3.610000000000000764e+00 1.104508835744694162e+00
3.620000000000000551e+00 1.104533970352616468e+00
3.630000000000000782e+00 1.104558424430710728e+00
3.640000000000000568e+00 1.104582188548812072e+00
3.650000000000000799e+00 1.104605253276753407e+00
3.660000000000000586e+00 1.104627609184367865e+00
3.670000000000000817e+00 1.104649246841488353e+00
3.680000000000000604e+00 1.104670156817950000e+00
3.690000000000000835e+00 1.104690329683584382e+00
3.700000000000000622e+00 1.104709756008225519e+00
3.710000000000000853e+00 1.104728426361706983e+00
3.720000000000000639e+00 1.104746331313862573e+00
3.730000000000000870e+00 1.104763461434524974e+00
3.740000000000000657e+00 1.104779807293526872e+00
3.750000000000000888e+00 1.104795359460703841e+00
3.760000000000000675e+00 1.104810108505886790e+00
3.770000000000000906e+00 1.104824044998911514e+00
3.780000000000000693e+00 1.104837159509610256e+00
3.790000000000000924e+00 1.104849442607815480e+00
3.800000000000000711e+00 1.104860884863361870e+00
3.810000000000000941e+00 1.104871476846081890e+00
3.820000000000000728e+00 1.104881209125810004e+00
3.830000000000000959e+00 1.104890072272379786e+00
3.840000000000000746e+00 1.104898056855622368e+00
3.850000000000000977e+00 1.104905153445373767e+00
3.860000000000000764e+00 1.104911352611466446e+00
3.870000000000000995e+00 1.104916644923733759e+00
3.880000000000000782e+00 1.104921020952008393e+00
3.890000000000000568e+00 1.104924471266124586e+00
3.900000000000000799e+00 1.104926986435915914e+00
3.910000000000000586e+00 1.104928557031215064e+00
3.920000000000000817e+00 1.104929173621855609e+00
3.930000000000000604e+00 1.104928826777671347e+00
3.940000000000000835e+00 1.104927507068495185e+00
3.950000000000000622e+00 1.104925205064160254e+00
3.960000000000000853e+00 1.104921911334501683e+00
3.970000000000000639e+00 1.104917616449350826e+00
3.980000000000000870e+00 1.104912310978541479e+00
3.990000000000000657e+00 1.104905985491908993e+00
4.000000000000000888e+00 1.104898630559283390e+00
4.010000000000000675e+00 1.104890236750500909e+00
4.020000000000000462e+00 1.104880794635394237e+00
4.030000000000000249e+00 1.104870294783795837e+00
4.040000000000000924e+00 1.104858727765539506e+00
4.050000000000000711e+00 1.104846084150459262e+00
4.060000000000000497e+00 1.104832354508387793e+00
4.070000000000001172e+00 1.104819943061073229e+00
4.080000000000000959e+00 1.104807841025333248e+00
4.090000000000000746e+00 1.104795079936978786e+00
4.100000000000000533e+00 1.104781659644917591e+00
4.110000000000001208e+00 1.104767579998059857e+00
4.120000000000000995e+00 1.104752840845314443e+00
4.130000000000000782e+00 1.104737442035590211e+00
4.140000000000000568e+00 1.104721383417796687e+00
4.150000000000001243e+00 1.104704664840843176e+00
4.160000000000001030e+00 1.104687286153640091e+00
4.170000000000000817e+00 1.104669247205094296e+00
4.180000000000000604e+00 1.104650547844117758e+00
4.190000000000001279e+00 1.104631187919618007e+00
4.200000000000001066e+00 1.104611167280505235e+00
4.210000000000000853e+00 1.104590485775688524e+00
4.220000000000000639e+00 1.104569143254075403e+00
4.230000000000000426e+00 1.104547139564578062e+00
4.240000000000001101e+00 1.104524474556103586e+00
4.250000000000000888e+00 1.104501148077562833e+00
4.260000000000000675e+00 1.104477159977864442e+00
4.270000000000000462e+00 1.104452510105916163e+00
4.280000000000001137e+00 1.104427198310629965e+00
4.290000000000000924e+00 1.104401224440913154e+00
4.300000000000000711e+00 1.104374588345676367e+00
4.310000000000000497e+00 1.104347289873827576e+00
4.320000000000001172e+00 1.104319328874277861e+00
4.330000000000000959e+00 1.104290705195933642e+00
4.340000000000000746e+00 1.104261418687706886e+00
4.350000000000000533e+00 1.104231469198506010e+00
4.360000000000001208e+00 1.104200856577239875e+00
4.370000000000000995e+00 1.104169580672818451e+00
4.380000000000000782e+00 1.104137641334150155e+00
4.390000000000000568e+00 1.104105038410145401e+00
4.400000000000001243e+00 1.104071771749711495e+00
4.410000000000001030e+00 1.104037841201760628e+00
4.420000000000000817e+00 1.104003246615199219e+00
4.430000000000000604e+00 1.103967987838938569e+00
4.440000000000001279e+00 1.103932064721886652e+00
4.450000000000001066e+00 1.103895477112954104e+00
4.460000000000000853e+00 1.103858224861048898e+00
4.470000000000000639e+00 1.103820307815080337e+00
4.480000000000001315e+00 1.103781725823959059e+00
4.490000000000001101e+00 1.103742478736592592e+00
4.500000000000000888e+00 1.103702566401892238e+00
4.510000000000000675e+00 1.103661988668764860e+00
4.520000000000000462e+00 1.103620745386121760e+00
4.530000000000001137e+00 1.103578836402871133e+00
4.540000000000000924e+00 1.103536261567922505e+00
4.550000000000000711e+00 1.103493020730185847e+00
4.560000000000000497e+00 1.103449113738569576e+00
4.570000000000001172e+00 1.103404540441983217e+00
4.580000000000000959e+00 1.103359300689336076e+00
4.590000000000000746e+00 1.103313394329537678e+00
4.600000000000000533e+00 1.103266821211495996e+00
4.610000000000001208e+00 1.103219581184122111e+00
4.620000000000000995e+00 1.103171674096324661e+00
4.630000000000000782e+00 1.103123099797012951e+00
4.640000000000000568e+00 1.103073858135095620e+00
4.650000000000001243e+00 1.103023948959481970e+00
4.660000000000001030e+00 1.102973372119083306e+00
4.670000000000000817e+00 1.102922127462806934e+00
4.680000000000000604e+00 1.102870214839561047e+00
4.690000000000001279e+00 1.102817634098258059e+00
4.700000000000001066e+00 1.102764385087805277e+00
4.710000000000000853e+00 1.102710467657111781e+00
4.720000000000000639e+00 1.102655881655087322e+00
4.730000000000001315e+00 1.102600626930642091e+00
4.740000000000001101e+00 1.102544703332684728e+00
4.750000000000000888e+00 1.102488110710123648e+00
4.760000000000000675e+00 1.102430848911868821e+00
4.770000000000001350e+00 1.102372917786829776e+00
4.780000000000001137e+00 1.102314317183915371e+00
4.790000000000000924e+00 1.102255046952035578e+00
4.800000000000000711e+00 1.102195106940098590e+00
4.810000000000001386e+00 1.102134496997013935e+00
4.820000000000001172e+00 1.102073216971691361e+00
4.830000000000000959e+00 1.102011266713040838e+00
4.840000000000000746e+00 1.101948646069970339e+00
4.850000000000000533e+00 1.101885354891389390e+00
4.860000000000001208e+00 1.101821393026206852e+00
4.870000000000000995e+00 1.101756760323334250e+00
4.880000000000000782e+00 1.101691456631678001e+00
4.890000000000000568e+00 1.101625481800149631e+00
4.900000000000001243e+00 1.101558835677656445e+00
4.910000000000001030e+00 1.101491518113109525e+00
4.920000000000000817e+00 1.101423528955416620e+00
4.930000000000000604e+00 1.101354868053487257e+00
4.940000000000001279e+00 1.101285535256232295e+00
4.950000000000001066e+00 1.101215530412559040e+00
4.960000000000000853e+00 1.101144853371379018e+00
4.970000000000000639e+00 1.101073503981599089e+00
4.980000000000001315e+00 1.101001482092130113e+00
4.990000000000001101e+00 1.100928787551879395e+00
5.000000000000000888e+00 1.100855420209759128e+00
5.010000000000000675e+00 1.100781379914676616e+00
5.020000000000001350e+00 1.100706666515541832e+00
5.030000000000001137e+00 1.100631279861263190e+00
5.040000000000000924e+00 1.100555219800751106e+00
5.050000000000000711e+00 1.100478486182914883e+00
5.060000000000001386e+00 1.100401078856662940e+00
5.070000000000001172e+00 1.100322997670905023e+00
5.080000000000000959e+00 1.100244242474549550e+00
5.090000000000000746e+00 1.100164813116507379e+00
5.100000000000001421e+00 1.100084709445687148e+00
5.110000000000001208e+00 1.100003931310997274e+00
5.120000000000000995e+00 1.099922478561348393e+00
5.130000000000000782e+00 1.099840351045648479e+00
5.140000000000001457e+00 1.099757548612807945e+00
5.150000000000001243e+00 1.099674071111734985e+00
5.160000000000001030e+00 1.099589918391340015e+00
5.170000000000000817e+00 1.099505090300531451e+00
5.180000000000000604e+00 1.099419586688219042e+00
5.190000000000001279e+00 1.099333407403311869e+00
5.200000000000001066e+00 1.099246552294719015e+00
5.210000000000000853e+00 1.099159021211350673e+00
5.220000000000000639e+00 1.099070814002115037e+00
5.230000000000001315e+00 1.098981930515921634e+00
5.240000000000001101e+00 1.098892370601680657e+00
5.250000000000000888e+00 1.098808277445928017e+00
5.260000000000000675e+00 1.098738019575898672e+00
5.270000000000001350e+00 1.098667360471001109e+00
5.280000000000001137e+00 1.098596303208321467e+00
5.290000000000000924e+00 1.098524850864941893e+00
5.300000000000000711e+00 1.098453006517946751e+00
5.310000000000001386e+00 1.098380773244420627e+00
5.320000000000001172e+00 1.098308154121447000e+00
5.330000000000000959e+00 1.098235152226109346e+00
5.340000000000000746e+00 1.098161770635492251e+00
5.350000000000001421e+00 1.098088012426680082e+00
5.360000000000001208e+00 1.098013880676756537e+00
5.370000000000000995e+00 1.097939378462805760e+00
5.380000000000000782e+00 1.097864508861911448e+00
5.390000000000001457e+00 1.097789274951157079e+00
5.400000000000001243e+00 1.097713679807627019e+00
5.410000000000001030e+00 1.097637726508406519e+00
5.420000000000000817e+00 1.097561418130577726e+00
5.430000000000001492e+00 1.097484757751225226e+00
5.440000000000001279e+00 1.097407748447433828e+00
5.450000000000001066e+00 1.097330393296286122e+00
5.460000000000000853e+00 1.097252695374868248e+00
5.470000000000001528e+00 1.097174657760261240e+00
5.480000000000001315e+00 1.097096283529551908e+00
5.490000000000001101e+00 1.097017575759821950e+00
5.500000000000000888e+00 1.096938537528156843e+00
5.510000000000000675e+00 1.096859171911639841e+00
5.520000000000001350e+00 1.096779481987356419e+00
5.530000000000001137e+00 1.096699470832387613e+00
5.540000000000000924e+00 1.096619141523820007e+00
5.550000000000000711e+00 1.096538497138736412e+00
5.560000000000001386e+00 1.096457540754221860e+00
5.570000000000001172e+00 1.096376275447359383e+00
5.580000000000000959e+00 1.096294704295233347e+00
5.590000000000000746e+00 1.096212830374927671e+00
5.600000000000001421e+00 1.096130656763525391e+00
5.610000000000001208e+00 1.096048186538112645e+00
5.620000000000000995e+00 1.095965422775770914e+00
5.630000000000000782e+00 1.095882368553586561e+00
5.640000000000001457e+00 1.095799026948642174e+00
5.650000000000001243e+00 1.095715401038021231e+00
5.660000000000001030e+00 1.095631493898810538e+00
5.670000000000000817e+00 1.095547308608090242e+00
5.680000000000001492e+00 1.095462848242946707e+00
5.690000000000001279e+00 1.095378115880463188e+00
5.700000000000001066e+00 1.095293114597725159e+00
5.710000000000000853e+00 1.095207847471813434e+00
5.720000000000001528e+00 1.095122317579815263e+00
5.730000000000001315e+00 1.095036527998812126e+00
5.740000000000001101e+00 1.094950481805890163e+00
5.750000000000000888e+00 1.094864182078132409e+00
5.760000000000001563e+00 1.094777631892622782e+00
5.770000000000001350e+00 1.094690834326444762e+00
5.780000000000001137e+00 1.094603792456682712e+00
5.790000000000000924e+00 1.094516509360420775e+00
5.800000000000001599e+00 1.094428988114743762e+00
5.810000000000001386e+00 1.094341231796734260e+00
5.820000000000001172e+00 1.094253243483477300e+00
5.830000000000000959e+00 1.094165026252055473e+00
5.840000000000000746e+00 1.094076583179555584e+00
5.850000000000001421e+00 1.093987917343058003e+00
5.860000000000001208e+00 1.093899031819649093e+00
5.870000000000000995e+00 1.093809929686411220e+00
5.880000000000000782e+00 1.093720614020430970e+00
5.890000000000001457e+00 1.093631087898790488e+00
5.900000000000001243e+00 1.093541354398573029e+00
5.910000000000001030e+00 1.093451416596864734e+00
5.920000000000000817e+00 1.093361277570747969e+00
5.930000000000001492e+00 1.093270940397307101e+00
5.940000000000001279e+00 1.093180408153626493e+00
5.950000000000001066e+00 1.093089683916788735e+00
5.960000000000000853e+00 1.092998770763880634e+00
5.970000000000001528e+00 1.092907671771983225e+00
5.980000000000001315e+00 1.092816390018182426e+00
5.990000000000001101e+00 1.092724928579561716e+00
6.000000000000000888e+00 1.092633290533204127e+00
6.010000000000001563e+00 1.092541478956194689e+00
6.020000000000001350e+00 1.092449496925617547e+00
6.030000000000001137e+00 1.092357347518555954e+00
6.040000000000000924e+00 1.092265033812094721e+00
6.050000000000001599e+00 1.092172558883317324e+00
6.060000000000001386e+00 1.092079925809307905e+00
6.070000000000001172e+00 1.091987137667149499e+00
6.080000000000000959e+00 1.091894197533927580e+00
6.090000000000001634e+00 1.091801108486725180e+00
6.100000000000001421e+00 1.091707873602626888e+00
6.110000000000001208e+00 1.091614495958715514e+00
6.120000000000000995e+00 1.091520978632077421e+00
6.130000000000000782e+00 1.091427324699794754e+00
6.140000000000001457e+00 1.091333537238951212e+00
6.150000000000001243e+00 1.091239619326631827e+00
6.160000000000001030e+00 1.091145574039919408e+00
6.170000000000000817e+00 1.091051404455899876e+00
6.180000000000001492e+00 1.090957113651656041e+00
6.190000000000001279e+00 1.090862704704271380e+00
6.200000000000001066e+00 1.090768180690831590e+00
6.210000000000000853e+00 1.090673544688418151e+00
6.220000000000001528e+00 1.090578799774116980e+00
6.230000000000001315e+00 1.090483949025010446e+00
6.240000000000001101e+00 1.090388995518185355e+00
6.250000000000000888e+00 1.090293942330723853e+00
6.260000000000001563e+00 1.090198792539709416e+00
6.270000000000001350e+00 1.090103549222226187e+00
6.280000000000001137e+00 1.090008215455358975e+00
6.290000000000000924e+00 1.089912794316191258e+00
6.300000000000001599e+00 1.089817288881807844e+00
6.310000000000001386e+00 1.089721702229291544e+00
6.320000000000001172e+00 1.089626037435726724e+00
6.330000000000000959e+00 1.089530297578197526e+00
6.340000000000001634e+00 1.089434485733787650e+00
6.350000000000001421e+00 1.089338604979582570e+00
6.360000000000001208e+00 1.089242658392664209e+00
6.370000000000000995e+00 1.089146649050117377e+00
6.380000000000001670e+00 1.089050580029026216e+00
6.390000000000001457e+00 1.088954454406474870e+00
6.400000000000001243e+00 1.088858275259547259e+00
6.410000000000001030e+00 1.088762045665326639e+00
6.420000000000001705e+00 1.088665768700897152e+00
6.430000000000001492e+00 1.088569447443343829e+00
6.440000000000001279e+00 1.088473084969749705e+00
6.450000000000001066e+00 1.088376684357199364e+00
6.460000000000000853e+00 1.088280248682776952e+00
6.470000000000001528e+00 1.088183781023565500e+00
6.480000000000001315e+00 1.088087284456649817e+00
6.490000000000001101e+00 1.087990762059112715e+00
6.500000000000000888e+00 1.087894216908039446e+00
6.510000000000001563e+00 1.087797652080513489e+00
6.520000000000001350e+00 1.087701070653619873e+00
6.530000000000001137e+00 1.087604475704440743e+00
6.540000000000000924e+00 1.087507870310060909e+00
6.550000000000001599e+00 1.087411257547565180e+00
6.560000000000001386e+00 1.087314640494036810e+00
6.570000000000001172e+00 1.087218022226559055e+00
6.580000000000000959e+00 1.087121405822217390e+00
6.590000000000001634e+00 1.087024794358094626e+00
6.600000000000001421e+00 1.086928190911275127e+00
6.610000000000001208e+00 1.086831598558843703e+00
6.620000000000000995e+00 1.086735020377883387e+00
6.630000000000001670e+00 1.086638459445477878e+00
6.640000000000001457e+00 1.086541918838711762e+00
6.650000000000001243e+00 1.086445401634669405e+00
6.660000000000001030e+00 1.086348910910434507e+00
6.670000000000001705e+00 1.086252449743090320e+00
6.680000000000001492e+00 1.086156021209721656e+00
6.690000000000001279e+00 1.086059628387411768e+00
6.700000000000001066e+00 1.085963274353245245e+00
6.710000000000001741e+00 1.085866962184306894e+00
6.720000000000001528e+00 1.085770694957678861e+00
6.730000000000001315e+00 1.085674475750446177e+00
6.740000000000001101e+00 1.085578307639693429e+00
6.750000000000001776e+00 1.085482193702502318e+00
6.760000000000001563e+00 1.085386137015960095e+00
6.770000000000001350e+00 1.085290140657148461e+00
6.780000000000001137e+00 1.085200701477772034e+00
6.790000000000000924e+00 1.085126461240378148e+00
6.800000000000001599e+00 1.085052254500198377e+00
6.810000000000001386e+00 1.084978076790259705e+00
6.820000000000001172e+00 1.084903923643590673e+00
6.830000000000000959e+00 1.084829790593219601e+00
6.840000000000001634e+00 1.084755673172175472e+00
6.850000000000001421e+00 1.084681566913485273e+00
6.860000000000001208e+00 1.084607467350177767e+00
6.870000000000000995e+00 1.084533370015281717e+00
6.880000000000001670e+00 1.084459270441825884e+00
6.890000000000001457e+00 1.084385164162836812e+00
6.900000000000001243e+00 1.084311046711345705e+00
6.910000000000001030e+00 1.084236913620377107e+00
6.920000000000001705e+00 1.084162760422962224e+00
6.930000000000001492e+00 1.084088582652127819e+00
6.940000000000001279e+00 1.084014375840902433e+00
6.950000000000001066e+00 1.083940135522315718e+00
6.960000000000001741e+00 1.083865857229394436e+00
6.970000000000001528e+00 1.083791536495167573e+00
6.980000000000001315e+00 1.083717168852663892e+00
6.990000000000001101e+00 1.083642749834909935e+00
7.000000000000001776e+00 1.083568274974935575e+00
7.010000000000001563e+00 1.083493739805768685e+00
7.020000000000001350e+00 1.083419139860437586e+00
7.030000000000001137e+00 1.083344470671970594e+00
7.040000000000001812e+00 1.083269727773395807e+00
7.050000000000001599e+00 1.083194906697742432e+00
7.060000000000001386e+00 1.083120002978037011e+00
7.070000000000001172e+00 1.083045012147309860e+00
7.080000000000000959e+00 1.082969929738587966e+00
7.090000000000001634e+00 1.082894751284899648e+00
7.100000000000001421e+00 1.082819472319273890e+00
7.110000000000001208e+00 1.082744088374738345e+00
7.120000000000000995e+00 1.082668594984321553e+00
7.130000000000001670e+00 1.082592987681052499e+00
7.140000000000001457e+00 1.082517261997957725e+00
7.150000000000001243e+00 1.082441413468067326e+00
7.160000000000001030e+00 1.082365437624409843e+00
7.170000000000001705e+00 1.082289330000011152e+00
7.180000000000001492e+00 1.082213086127902235e+00
7.190000000000001279e+00 1.082136701541109636e+00
7.200000000000001066e+00 1.082060171772662782e+00
7.210000000000001741e+00 1.081983492355588439e+00
7.220000000000001528e+00 1.081906658822917366e+00
7.230000000000001315e+00 1.081829666707674997e+00
7.240000000000001101e+00 1.081752511542892314e+00
7.250000000000001776e+00 1.081675188861594972e+00
7.260000000000001563e+00 1.081597694196814174e+00
7.270000000000001350e+00 1.081520023081575577e+00
7.280000000000001137e+00 1.081442171048909495e+00
7.290000000000001812e+00 1.081364133631842916e+00
7.300000000000001599e+00 1.081285906363405269e+00
7.310000000000001386e+00 1.081207484776623318e+00
7.320000000000001172e+00 1.081128864404526713e+00
7.330000000000001847e+00 1.081050040780142218e+00
7.340000000000001634e+00 1.080971009436501040e+00
7.350000000000001421e+00 1.080891765906627944e+00
7.360000000000001208e+00 1.080812305723553912e+00
7.370000000000001883e+00 1.080732624420305932e+00
7.380000000000001670e+00 1.080652717529913431e+00
7.390000000000001457e+00 1.080572580585403619e+00
7.400000000000001243e+00 1.080492209119804148e+00
7.410000000000001030e+00 1.080411598666144668e+00
7.420000000000001705e+00 1.080330744757453498e+00
7.430000000000001492e+00 1.080249642926758735e+00
7.440000000000001279e+00 1.080168288707088031e+00
7.450000000000001066e+00 1.080086677631469483e+00
7.460000000000001741e+00 1.080004805232933407e+00
7.470000000000001528e+00 1.079922667044506346e+00
7.480000000000001315e+00 1.079840258599216174e+00
7.490000000000001101e+00 1.079757575430092764e+00
7.500000000000001776e+00 1.079674613070164213e+00
7.510000000000001563e+00 1.079591367052457507e+00
7.520000000000001350e+00 1.079507832910001408e+00
7.530000000000001137e+00 1.079424006175824902e+00
7.540000000000001812e+00 1.079339882382956306e+00
7.550000000000001599e+00 1.079255457064423052e+00
7.560000000000001386e+00 1.079170725753254567e+00
7.570000000000001172e+00 1.079085683982478505e+00
7.580000000000001847e+00 1.079000327285122074e+00
7.590000000000001634e+00 1.078914651194215812e+00
7.600000000000001421e+00 1.078828651242787151e+00
7.610000000000001208e+00 1.078742322963863520e+00
7.620000000000001883e+00 1.078655661890473683e+00
7.630000000000001670e+00 1.078568663555646401e+00
7.640000000000001457e+00 1.078481323492409771e+00
7.650000000000001243e+00 1.078393637233791669e+00
7.660000000000001918e+00 1.078305600312821078e+00
7.670000000000001705e+00 1.078217208262526317e+00
7.680000000000001492e+00 1.078128456615934816e+00
7.690000000000001279e+00 1.078039340906074894e+00
7.700000000000001954e+00 1.077949856665975981e+00
7.710000000000001741e+00 1.077859999428666615e+00
7.720000000000001528e+00 1.077769764727173119e+00
7.730000000000001315e+00 1.077679148094525141e+00
7.740000000000001101e+00 1.077588145063751446e+00
7.750000000000001776e+00 1.077496751167878575e+00
7.760000000000001563e+00 1.077404961939936623e+00
7.770000000000001350e+00 1.077312772912952354e+00
7.780000000000001137e+00 1.077220179619955642e+00
7.790000000000001812e+00 1.077127177593974361e+00
7.800000000000001599e+00 1.077033762368035719e+00
7.810000000000001386e+00 1.076939929475168700e+00
7.820000000000001172e+00 1.076845674448402512e+00
7.830000000000001847e+00 1.076750992820765029e+00
7.840000000000001634e+00 1.076655880125282794e+00
7.850000000000001421e+00 1.076560331894986122e+00
7.860000000000001208e+00 1.076464343662903111e+00
7.870000000000001883e+00 1.076367910962060970e+00
7.880000000000001670e+00 1.076271029325489348e+00
7.890000000000001457e+00 1.076173694286215232e+00
7.900000000000001243e+00 1.076075901377268051e+00
7.910000000000001918e+00 1.075977646131675236e+00
7.920000000000001705e+00 1.075878924082465993e+00
7.930000000000001492e+00 1.075779730762668418e+00
7.940000000000001279e+00 1.075680061705309498e+00
7.950000000000001954e+00 1.075579912443418662e+00
7.960000000000001741e+00 1.075479278510025338e+00
7.970000000000001528e+00 1.075378155438155625e+00
7.980000000000001315e+00 1.075276538760837841e+00
7.990000000000001990e+00 1.075174424011102525e+00
8.000000000000001776e+00 1.075071806721976664e+00
8.010000000000001563e+00 1.074968682426487687e+00
8.020000000000001350e+00 1.074865046657666356e+00
8.030000000000001137e+00 1.074760894948538104e+00
8.040000000000000924e+00 1.074656222832134134e+00
8.050000000000000711e+00 1.074551025841479657e+00
8.060000000000000497e+00 1.074445299509604546e+00
8.070000000000000284e+00 1.074339039369537341e+00
8.080000000000000071e+00 1.074232240954306361e+00
8.089999999999999858e+00 1.074124899796939259e+00
8.100000000000001421e+00 1.074017011430464796e+00
8.110000000000001208e+00 1.073908571387911071e+00
8.120000000000000995e+00 1.073799575202306178e+00
8.130000000000000782e+00 1.073690018406679103e+00
8.140000000000000568e+00 1.073579896534057943e+00
8.150000000000000355e+00 1.073469205117470793e+00
8.160000000000000142e+00 1.073357939689945750e+00
8.169999999999999929e+00 1.073246095784511578e+00
8.180000000000001492e+00 1.073133668934195262e+00
8.190000000000001279e+00 1.073020654672027785e+00
8.200000000000001066e+00 1.072907048531035468e+00
8.210000000000000853e+00 1.072792846044246629e+00
8.220000000000000639e+00 1.072678042744689808e+00
8.230000000000000426e+00 1.072562634165393547e+00
8.240000000000000213e+00 1.072446615839386386e+00
8.250000000000000000e+00 1.072329983299696643e+00
8.260000000000001563e+00 1.072212732079351749e+00
8.270000000000001350e+00 1.072094857711380467e+00
8.280000000000001137e+00 1.071976355728810670e+00
8.290000000000000924e+00 1.071857221664671567e+00
8.300000000000000711e+00 1.071737451051991252e+00
8.310000000000000497e+00 1.071617039423798046e+00
8.320000000000000284e+00 1.071495982313120265e+00
8.330000000000000071e+00 1.071374275252985120e+00
8.340000000000001634e+00 1.071251913776422038e+00
8.350000000000001421e+00 1.071128893416459338e+00
8.360000000000001208e+00 1.071005209706125116e+00
8.370000000000000995e+00 1.070880858178446804e+00
8.380000000000000782e+00 1.070755834366454717e+00
8.390000000000000568e+00 1.070630133803175399e+00
8.400000000000000355e+00 1.070503752021636501e+00
8.410000000000000142e+00 1.070376684554869007e+00
8.419999999999999929e+00 1.070248926935899236e+00
8.430000000000001492e+00 1.070120474697756618e+00
8.440000000000001279e+00 1.069991323373467917e+00
8.450000000000001066e+00 1.069861468496062784e+00
8.460000000000000853e+00 1.069730905598569315e+00
8.470000000000000639e+00 1.069599630214014718e+00
8.480000000000000426e+00 1.069467637875429089e+00
8.490000000000000213e+00 1.069334924115839192e+00
8.500000000000000000e+00 1.069201484468274232e+00
8.510000000000001563e+00 1.069067314465762752e+00
8.520000000000001350e+00 1.068932409641331960e+00
8.530000000000001137e+00 1.068796765528010395e+00
8.540000000000000924e+00 1.068660377658827043e+00
8.550000000000000711e+00 1.068523241566809778e+00
8.560000000000000497e+00 1.068385352784986919e+00
8.570000000000000284e+00 1.068246706846387895e+00
8.580000000000000071e+00 1.068107299284038803e+00
8.590000000000001634e+00 1.067967125630969072e+00
8.600000000000001421e+00 1.067826181420207465e+00
8.610000000000001208e+00 1.067684462184781635e+00
8.620000000000000995e+00 1.067541963457720122e+00
8.630000000000000782e+00 1.067398680772051245e+00
8.640000000000000568e+00 1.067254609660803322e+00
8.650000000000000355e+00 1.067109745657004449e+00
8.660000000000000142e+00 1.066964084293683168e+00
8.670000000000001705e+00 1.066817621103868241e+00
8.680000000000001492e+00 1.066670351620586432e+00
8.690000000000001279e+00 1.066522271376867170e+00
8.700000000000001066e+00 1.066373375905739218e+00
8.710000000000000853e+00 1.066223660740230228e+00
8.720000000000000639e+00 1.066073121413368296e+00
8.730000000000000426e+00 1.065921753458181742e+00
8.740000000000000213e+00 1.065769552407699106e+00
8.750000000000000000e+00 1.065616513794949816e+00
8.760000000000001563e+00 1.065487002074367862e+00
8.770000000000001350e+00 1.065367382979405031e+00
8.780000000000001137e+00 1.065247271207171220e+00
8.790000000000000924e+00 1.065126674375215909e+00
8.800000000000000711e+00 1.065005600101087246e+00
8.810000000000000497e+00 1.064884056002332491e+00
8.820000000000000284e+00 1.064762049696500013e+00
8.830000000000000071e+00 1.064639588801138403e+00
8.840000000000001634e+00 1.064516680933795811e+00
8.850000000000001421e+00 1.064393333712019274e+00
8.860000000000001208e+00 1.064269554753358937e+00
8.870000000000000995e+00 1.064145351675360285e+00
8.880000000000000782e+00 1.064020732095574129e+00
8.890000000000000568e+00 1.063895703631547063e+00
8.900000000000000355e+00 1.063770273900827013e+00
8.910000000000000142e+00 1.063644450520962570e+00
8.920000000000001705e+00 1.063518241109502105e+00
8.930000000000001492e+00 1.063391653283993543e+00
8.940000000000001279e+00 1.063264694661984811e+00
8.950000000000001066e+00 1.063137372861024721e+00
8.960000000000000853e+00 1.063009695498660978e+00
8.970000000000000639e+00 1.062881670192441064e+00
8.980000000000000426e+00 1.062753304559913792e+00
8.990000000000000213e+00 1.062624606218627310e+00
9.000000000000000000e+00 1.062495582786129544e+00
9.010000000000001563e+00 1.062366241879969087e+00
9.020000000000001350e+00 1.062236591117693640e+00
9.030000000000001137e+00 1.062106638116850688e+00
9.040000000000000924e+00 1.061976390494989486e+00
9.050000000000000711e+00 1.061845855869658406e+00
9.060000000000000497e+00 1.061715041858404263e+00
9.070000000000000284e+00 1.061583956078775648e+00
9.080000000000000071e+00 1.061452606148321598e+00
9.090000000000001634e+00 1.061320999684588262e+00
9.100000000000001421e+00 1.061189144305126009e+00
9.110000000000001208e+00 1.061057047627481653e+00
9.120000000000000995e+00 1.060924717269204010e+00
9.130000000000000782e+00 1.060792160847840782e+00
9.140000000000000568e+00 1.060659385980939451e+00
9.150000000000000355e+00 1.060526400286049720e+00
9.160000000000000142e+00 1.060393211380718181e+00
9.170000000000001705e+00 1.060259826882494760e+00
9.180000000000001492e+00 1.060126254408925828e+00
9.190000000000001279e+00 1.059992501577558643e+00
9.200000000000001066e+00 1.059858576005945352e+00
9.210000000000000853e+00 1.059724485311630104e+00
9.220000000000000639e+00 1.059590237112162825e+00
9.230000000000000426e+00 1.059455839025091883e+00
9.240000000000000213e+00 1.059321298667963873e+00
9.250000000000001776e+00 1.059186623658328497e+00
9.260000000000001563e+00 1.059051821613733901e+00
9.270000000000001350e+00 1.058916900151726459e+00
9.280000000000001137e+00 1.058781866889855872e+00
9.290000000000000924e+00 1.058646729445670509e+00
9.300000000000000711e+00 1.058511495436716965e+00
9.310000000000000497e+00 1.058376172480544053e+00
9.320000000000000284e+00 1.058240768194701253e+00
9.330000000000000071e+00 1.058105290196734050e+00
9.340000000000001634e+00 1.057969746104192810e+00
9.350000000000001421e+00 1.057834143534625015e+00
9.360000000000001208e+00 1.057698490105578815e+00
9.370000000000000995e+00 1.057562793434602355e+00
9.380000000000000782e+00 1.057427061139242896e+00
9.390000000000000568e+00 1.057291300837049919e+00
9.400000000000000355e+00 1.057155520145570460e+00
9.410000000000000142e+00 1.057019726682353555e+00
9.420000000000001705e+00 1.056883928064946243e+00
9.430000000000001492e+00 1.056748131910898003e+00
9.440000000000001279e+00 1.056612345837756095e+00
9.450000000000001066e+00 1.056476577463068667e+00
9.460000000000000853e+00 1.056340834404384310e+00
9.470000000000000639e+00 1.056205124279250729e+00
9.480000000000000426e+00 1.056069454705215405e+00
9.490000000000000213e+00 1.055933833299828262e+00
9.500000000000001776e+00 1.055798267680636116e+00
9.510000000000001563e+00 1.055662765465187558e+00
9.520000000000001350e+00 1.055527334271030071e+00
9.530000000000001137e+00 1.055391981715712246e+00
9.540000000000000924e+00 1.055256715416782232e+00
9.550000000000000711e+00 1.055121542991788619e+00
9.560000000000000497e+00 1.054986472058279112e+00
9.570000000000000284e+00 1.054851510233801415e+00
9.580000000000001847e+00 1.054716665135904341e+00
9.590000000000001634e+00 1.054581944382135150e+00
9.600000000000001421e+00 1.054447355590043323e+00
9.610000000000001208e+00 1.054312906377175230e+00
9.620000000000000995e+00 1.054178604361081018e+00
9.630000000000000782e+00 1.054044457159307058e+00
9.640000000000000568e+00 1.053910472389402608e+00
9.650000000000000355e+00 1.053776657668915373e+00
9.660000000000000142e+00 1.053643020615393500e+00
9.670000000000001705e+00 1.053509568846384470e+00
9.680000000000001492e+00 1.053376309979437764e+00
9.690000000000001279e+00 1.053243251632100419e+00
9.700000000000001066e+00 1.053110401421921027e+00
9.710000000000000853e+00 1.052977766966447959e+00
9.720000000000000639e+00 1.052845355883228917e+00
9.730000000000000426e+00 1.052713175789811828e+00
9.740000000000000213e+00 1.052581234303745727e+00
9.750000000000001776e+00 1.052449539042577875e+00
9.760000000000001563e+00 1.052318097623855975e+00
9.770000000000001350e+00 1.052186917665129506e+00
9.780000000000001137e+00 1.052056006783945952e+00
9.790000000000000924e+00 1.051925372597853015e+00
9.800000000000000711e+00 1.051795022724399509e+00
9.810000000000000497e+00 1.051664964781134248e+00
9.820000000000000284e+00 1.051535206385603383e+00
9.830000000000001847e+00 1.051405755155356170e+00
9.840000000000001634e+00 1.051276618707940758e+00
9.850000000000001421e+00 1.051147804660905294e+00
9.860000000000001208e+00 1.051019320631797926e+00
9.870000000000000995e+00 1.050891174238166137e+00
9.880000000000000782e+00 1.050763373097558961e+00
9.890000000000000568e+00 1.050635924827524326e+00
9.900000000000000355e+00 1.050508837045609933e+00
9.910000000000001918e+00 1.050382117369363488e+00
9.920000000000001705e+00 1.050255773416334248e+00
9.930000000000001492e+00 1.050129812804069696e+00
9.940000000000001279e+00 1.050004243150118644e+00
9.950000000000001066e+00 1.049879072072028130e+00
9.960000000000000853e+00 1.049754307187347413e+00
9.970000000000000639e+00 1.049629956113623752e+00
9.980000000000000426e+00 1.049506026468405739e+00
9.990000000000000213e+00 1.049382525869240856e+00
1.000000000000000178e+01 1.049259461933678361e+00
